{
 "cells": [
  {
   "cell_type": "code",
   "execution_count": 140,
   "metadata": {},
   "outputs": [],
   "source": [
    "import numpy as np\n",
    "import math"
   ]
  },
  {
   "cell_type": "code",
   "execution_count": 141,
   "metadata": {},
   "outputs": [],
   "source": [
    "grid = np.zeros((20,4,4))"
   ]
  },
  {
   "cell_type": "code",
   "execution_count": 142,
   "metadata": {},
   "outputs": [],
   "source": [
    "ds = [[-1,0], [1, 0], [0,-1], [0,1]]"
   ]
  },
  {
   "cell_type": "code",
   "execution_count": 143,
   "metadata": {},
   "outputs": [],
   "source": [
    "def iterative_policy_evaluation(k, current_state):\n",
    "    next_state = []\n",
    "    (x, y) = (current_state[0], current_state[1])\n",
    "    next_value = 0\n",
    "    \n",
    "    for i in range(0,4):        \n",
    "        state = [x + ds[i][0], y + ds[i][1]]\n",
    "                \n",
    "        if (state[0] < 0 or state[0] > 3):\n",
    "            state[0] = x\n",
    "        if (state[1] < 0 or state[1] > 3):\n",
    "            state[1] = y\n",
    "            \n",
    "        next_value += (-1 + grid[k-1][state[0]][state[1]])        \n",
    "    \n",
    "    grid[k][x][y] = round(next_value/4, 1)    "
   ]
  },
  {
   "cell_type": "code",
   "execution_count": 144,
   "metadata": {},
   "outputs": [],
   "source": [
    "for k in range(1,len(grid)):\n",
    "    for i in range(0, 4):\n",
    "        for j in range(0, 4):\n",
    "            if(i == 0 and j == 0):\n",
    "                continue\n",
    "            elif(i == 3 and j == 3):\n",
    "                continue\n",
    "\n",
    "            iterative_policy_evaluation(k, [i,j])"
   ]
  },
  {
   "cell_type": "code",
   "execution_count": 145,
   "metadata": {},
   "outputs": [
    {
     "name": "stdout",
     "output_type": "stream",
     "text": [
      "[[[  0.    0.    0.    0. ]\n",
      "  [  0.    0.    0.    0. ]\n",
      "  [  0.    0.    0.    0. ]\n",
      "  [  0.    0.    0.    0. ]]\n",
      "\n",
      " [[  0.   -1.   -1.   -1. ]\n",
      "  [ -1.   -1.   -1.   -1. ]\n",
      "  [ -1.   -1.   -1.   -1. ]\n",
      "  [ -1.   -1.   -1.    0. ]]\n",
      "\n",
      " [[  0.   -1.8  -2.   -2. ]\n",
      "  [ -1.8  -2.   -2.   -2. ]\n",
      "  [ -2.   -2.   -2.   -1.8]\n",
      "  [ -2.   -2.   -1.8   0. ]]\n",
      "\n",
      " [[  0.   -2.4  -3.   -3. ]\n",
      "  [ -2.4  -2.9  -3.   -3. ]\n",
      "  [ -3.   -3.   -2.9  -2.4]\n",
      "  [ -3.   -3.   -2.4   0. ]]\n",
      "\n",
      " [[  0.   -3.1  -3.8  -4. ]\n",
      "  [ -3.1  -3.7  -4.   -3.8]\n",
      "  [ -3.8  -4.   -3.7  -3.1]\n",
      "  [ -4.   -3.8  -3.1   0. ]]\n",
      "\n",
      " [[  0.   -3.6  -4.7  -4.9]\n",
      "  [ -3.6  -4.6  -4.8  -4.7]\n",
      "  [ -4.7  -4.8  -4.6  -3.6]\n",
      "  [ -4.9  -4.7  -3.6   0. ]]\n",
      "\n",
      " [[  0.   -4.2  -5.5  -5.8]\n",
      "  [ -4.2  -5.2  -5.6  -5.5]\n",
      "  [ -5.5  -5.6  -5.2  -4.2]\n",
      "  [ -5.8  -5.5  -4.2   0. ]]\n",
      "\n",
      " [[  0.   -4.7  -6.3  -6.6]\n",
      "  [ -4.7  -5.9  -6.4  -6.3]\n",
      "  [ -6.3  -6.4  -5.9  -4.7]\n",
      "  [ -6.6  -6.3  -4.7   0. ]]\n",
      "\n",
      " [[  0.   -5.2  -7.   -7.4]\n",
      "  [ -5.2  -6.6  -7.1  -7. ]\n",
      "  [ -7.   -7.1  -6.6  -5.2]\n",
      "  [ -7.4  -7.   -5.2   0. ]]\n",
      "\n",
      " [[  0.   -5.7  -7.7  -8.2]\n",
      "  [ -5.7  -7.2  -7.8  -7.7]\n",
      "  [ -7.7  -7.8  -7.2  -5.7]\n",
      "  [ -8.2  -7.7  -5.7   0. ]]\n",
      "\n",
      " [[  0.   -6.1  -8.4  -9. ]\n",
      "  [ -6.1  -7.8  -8.4  -8.4]\n",
      "  [ -8.4  -8.4  -7.8  -6.1]\n",
      "  [ -9.   -8.4  -6.1   0. ]]\n",
      "\n",
      " [[  0.   -6.6  -9.   -9.7]\n",
      "  [ -6.6  -8.2  -9.1  -9. ]\n",
      "  [ -9.   -9.1  -8.2  -6.6]\n",
      "  [ -9.7  -9.   -6.6   0. ]]\n",
      "\n",
      " [[  0.   -7.   -9.6 -10.4]\n",
      "  [ -7.   -8.8  -9.6  -9.6]\n",
      "  [ -9.6  -9.6  -8.8  -7. ]\n",
      "  [-10.4  -9.6  -7.    0. ]]\n",
      "\n",
      " [[  0.   -7.4 -10.2 -11. ]\n",
      "  [ -7.4  -9.3 -10.2 -10.2]\n",
      "  [-10.2 -10.2  -9.3  -7.4]\n",
      "  [-11.  -10.2  -7.4   0. ]]\n",
      "\n",
      " [[  0.   -7.7 -10.7 -11.6]\n",
      "  [ -7.7  -9.8 -10.8 -10.7]\n",
      "  [-10.7 -10.8  -9.8  -7.7]\n",
      "  [-11.6 -10.7  -7.7   0. ]]\n",
      "\n",
      " [[  0.   -8.  -11.2 -12.2]\n",
      "  [ -8.  -10.2 -11.2 -11.2]\n",
      "  [-11.2 -11.2 -10.2  -8. ]\n",
      "  [-12.1 -11.2  -8.    0. ]]\n",
      "\n",
      " [[  0.   -8.4 -11.6 -12.7]\n",
      "  [ -8.4 -10.6 -11.7 -11.6]\n",
      "  [-11.6 -11.7 -10.6  -8.4]\n",
      "  [-12.6 -11.6  -8.4   0. ]]\n",
      "\n",
      " [[  0.   -8.6 -12.1 -13.2]\n",
      "  [ -8.6 -11.  -12.1 -12.1]\n",
      "  [-12.1 -12.1 -11.   -8.6]\n",
      "  [-13.1 -12.1  -8.6   0. ]]\n",
      "\n",
      " [[  0.   -8.9 -12.5 -13.6]\n",
      "  [ -8.9 -11.4 -12.6 -12.5]\n",
      "  [-12.5 -12.6 -11.4  -8.9]\n",
      "  [-13.6 -12.5  -8.9   0. ]]\n",
      "\n",
      " [[  0.   -9.2 -12.9 -14. ]\n",
      "  [ -9.2 -11.8 -13.  -12.9]\n",
      "  [-12.9 -13.  -11.8  -9.2]\n",
      "  [-14.  -12.9  -9.2   0. ]]]\n"
     ]
    }
   ],
   "source": [
    "print(grid)"
   ]
  },
  {
   "cell_type": "code",
   "execution_count": null,
   "metadata": {},
   "outputs": [],
   "source": []
  }
 ],
 "metadata": {
  "kernelspec": {
   "display_name": "Python 3",
   "language": "python",
   "name": "python3"
  },
  "language_info": {
   "codemirror_mode": {
    "name": "ipython",
    "version": 3
   },
   "file_extension": ".py",
   "mimetype": "text/x-python",
   "name": "python",
   "nbconvert_exporter": "python",
   "pygments_lexer": "ipython3",
   "version": "3.6.8"
  }
 },
 "nbformat": 4,
 "nbformat_minor": 2
}
